header: 
  seq: 9
  stamp: 
    secs: 1646983762
    nsecs:  33051911
  frame_id: "rgb_camera_link"
height: 720
width: 1280
distortion_model: "rational_polynomial"
D: [0.5943896770477295, -2.7359659671783447, 0.0011410595616325736, -0.0003795399679802358, 1.5513455867767334, 0.47128504514694214, -2.5611841678619385, 1.4797307252883911]
K: [599.8486328125, 0.0, 636.459716796875, 0.0, 599.8443603515625, 367.57421875, 0.0, 0.0, 1.0]
R: [1.0, 0.0, 0.0, 0.0, 1.0, 0.0, 0.0, 0.0, 1.0]
P: [599.8486328125, 0.0, 636.459716796875, 0.0, 0.0, 599.8443603515625, 367.57421875, 0.0, 0.0, 0.0, 1.0, 0.0]
binning_x: 0
binning_y: 0
roi: 
  x_offset: 0
  y_offset: 0
  height: 0
  width: 0
  do_rectify: False
---
